93,138
93,137
93,136
93,135
93,134
93,67
93,66
93,65
93,64
106,3
106,2
106,1
106,0
105,3
105,2
105,1
105,0
93,124
93,123
93,122
93,121
93,120
93,119
93,118
93,117
93,116
93,115
93,114
104,3
104,2
104,1
104,0
93,113
93,112
93,111
93,110
103,3
103,2
103,1
103,0
101,3
101,2
101,1
101,0
100,6
100,5
100,4
100,3
100,2
100,1
100,0
99,5
99,4
99,3
99,2
99,1
99,0
98,5
98,4
98,3
98,2
98,1
98,0
97,5
97,4
97,3
97,2
97,1
97,0
96,5
96,4
96,3
96,2
96,1
96,0
95,26
95,25
95,24
95,22
95,21
95,19
95,18
95,17
95,16
95,15
95,14
95,12
95,11
95,10
95,9
95,8
95,7
95,6
95,5
95,4
95,3
95,2
95,1
95,0
94,10
94,9
94,8
94,7
94,6
94,5
94,4
94,3
94,2
94,1
94,0
93,109
93,108
93,107
93,106
93,105
93,104
93,103
93,102
93,101
93,100
93,99
93,98
93,97
93,96
93,95
93,94
93,93
93,92
93,91
93,90
93,89
93,88
93,87
93,86
93,85
93,84
93,83
93,82
93,81
93,80
93,79
93,78
93,77
93,76
93,75
93,74
93,73
93,72
93,71
93,70
93,69
93,68
93,14
93,10
93,9
93,6
93,5
93,4
93,3
93,2
93,1
93,0
92,4
92,3
92,2
92,1
92,0
91,8
91,7
91,6
91,5
91,4
91,3
91,2
91,1
91,0
90,5
90,4
90,3
90,2
90,1
90,0
86,4
86,3
86,2
86,1
86,0
7,3
5,5
5,4
5,3
5,2
5,0
4,3
3,2
3,0
2,2
2,0
1,2
1,0
0,9
0,2
0,0
1,45
3,44
2,44
1,44
3,43
2,43
1,43
3,42
2,42
1,42
3,41
2,41
1,41
3,40
2,40
1,40
3,39
2,39
1,39
3,38
2,38
1,38
3,37
2,37
1,37
3,36
2,36
1,36
3,35
2,35
1,35
3,34
2,34
1,34
3,33
2,33
1,33
3,32
2,32
1,32
3,31
2,31
1,31
3,30
2,30
1,30
3,29
2,29
1,29
3,28
2,28
1,28
3,27
2,27
1,27
3,26
2,26
1,26
3,25
2,25
1,25
3,24
2,24
1,24
3,23
2,23
1,23
3,22
2,22
1,22
3,21
2,21
1,21
3,20
2,20
1,20
3,19
2,19
1,19
3,18
2,18
1,18
3,17
2,17
1,17
3,16
2,16
1,16
3,15
2,15
1,15
3,14
2,14
1,14
3,13
2,13
1,13
3,12
2,12
1,12
3,11
2,11
1,11
3,10
2,10
1,10
3,9
2,9
1,9
3,8
2,8
1,8
3,7
2,7
1,7
3,6
2,6
1,6
3,5
2,5
1,5
3,4
2,4
1,4
3,3
2,3
1,3
0,6
0,47
0,46
0,49
0,48
0,45
0,12
0,10
0,8
0,11
0,5
0,7
0,4
0,3
